1038 1042 1044 1046 1050 1050 1046 1042 1035 1025 1016 1010 1009 1012 1014 1009 993 970 953 950 956 962 961 952 939 927 919 910 895 880
1060 1064 1067 1069 1071 1071 1068 1062 1053 1043 1032 1020 1010 1006 1008 1009 1002 989 977 971 973 978 978 971 960 950 944 939 930 921
1085 1090 1092 1093 1095 1094 1090 1085 1075 1061 1047 1033 1020 1010 1006 1007 1007 1004 1000 996 992 990 992 994 991 984 976 968 961 958
1112 1116 1119 1120 1120 1118 1112 1103 1092 1078 1061 1045 1031 1017 1006 1002 1005 1010 1012 1011 1008 1005 1004 1006 1011 1012 1005 996 993 993
1145 1148 1148 1148 1148 1145 1137 1125 1110 1094 1077 1061 1047 1032 1018 1010 1008 1010 1017 1026 1029 1026 1023 1023 1029 1037 1036 1026 1015 989
1174 1176 1176 1176 1175 1169 1156 1140 1124 1107 1089 1074 1063 1051 1036 1021 1011 1008 1012 1023 1034 1040 1040 1037 1041 1051 1059 1054 1016 983
1205 1204 1201 1200 1198 1190 1176 1159 1141 1124 1109 1096 1083 1069 1054 1038 1024 1014 1011 1018 1033 1050 1059 1057 1055 1063 1073 1048 1008 1008
1231 1231 1226 1222 1216 1206 1192 1175 1158 1143 1128 1113 1101 1090 1076 1059 1042 1027 1016 1015 1027 1048 1067 1076 1078 1075 1054 1028 1028 1050
1252 1251 1248 1244 1237 1224 1207 1190 1175 1161 1148 1136 1124 1111 1095 1077 1060 1044 1028 1017 1020 1038 1064 1089 1097 1065 1030 1042 1077 1127
1275 1275 1272 1266 1255 1240 1223 1205 1191 1182 1171 1153 1128 1112 1112 1106 1088 1067 1046 1030 1025 1033 1055 1079 1060 1020 1031 1079 1147 1218
1299 1294 1290 1283 1272 1258 1240 1222 1209 1199 1188 1174 1124 1034 993 1037 1090 1098 1080 1061 1046 1040 1038 1022 1010 1028 1075 1156 1235 1278
1329 1324 1318 1308 1294 1276 1256 1237 1223 1216 1209 1196 1178 1165 1127 1038 983 993 986 947 921 923 942 969 985 1016 1122 1242 1303 1346
1359 1349 1340 1329 1312 1292 1273 1256 1243 1236 1230 1217 1166 1082 1050 1077 1046 933 865 868 878 904 941 954 976 1071 1210 1313 1372 1422
1392 1383 1372 1357 1336 1312 1290 1273 1260 1212 1109 1032 1019 1024 1000 907 834 859 883 863 849 875 933 988 1054 1153 1271 1370 1425 1457
1424 1414 1402 1387 1363 1334 1310 1292 1279 1253 1192 1144 1133 1110 1072 1013 898 783 761 785 793 854 979 1077 1144 1230 1324 1400 1446 1461
1455 1444 1432 1416 1390 1359 1332 1311 1295 1246 1144 1068 1053 1053 1042 991 930 921 937 948 971 1025 1095 1152 1211 1281 1341 1379 1395 1398
1487 1476 1463 1445 1419 1388 1358 1333 1316 1289 1227 1171 1133 1060 953 854 825 896 995 1039 1039 1072 1157 1220 1252 1295 1333 1341 1335 1353
1514 1502 1490 1473 1447 1416 1384 1355 1325 1276 1206 1137 1090 1066 1041 1017 1010 1014 1033 1066 1114 1165 1182 1176 1189 1221 1237 1236 1260 1316
1547 1533 1518 1499 1474 1444 1411 1379 1335 1254 1184 1174 1161 1117 1050 954 920 999 1097 1147 1173 1183 1149 1123 1158 1196 1209 1216 1239 1312
1575 1561 1546 1526 1501 1472 1437 1403 1378 1332 1243 1156 1102 1046 963 923 962 1020 1080 1123 1134 1127 1098 1086 1104 1120 1139 1172 1234 1333
1603 1588 1571 1551 1527 1499 1466 1432 1383 1292 1214 1192 1142 1059 1016 998 1020 1105 1179 1187 1152 1095 1036 1038 1091 1129 1153 1185 1238 1319
1627 1614 1596 1576 1554 1526 1492 1458 1439 1422 1342 1207 1128 1109 1065 1042 1086 1132 1168 1188 1142 1061 1033 1075 1122 1138 1151 1179 1226 1298
1646 1635 1619 1600 1579 1554 1523 1490 1460 1431 1378 1283 1185 1125 1105 1117 1156 1206 1236 1240 1180 1069 1049 1110 1136 1135 1144 1166 1207 1271
1659 1650 1636 1620 1602 1579 1551 1520 1490 1461 1392 1263 1172 1176 1208 1234 1251 1243 1229 1212 1149 1087 1103 1138 1138 1132 1138 1156 1190 1239
1674 1667 1656 1643 1627 1606 1580 1552 1524 1492 1432 1346 1303 1318 1327 1310 1284 1255 1223 1181 1126 1105 1135 1150 1138 1129 1129 1142 1170 1210
1684 1676 1667 1656 1643 1627 1606 1580 1552 1525 1499 1467 1429 1397 1368 1335 1305 1276 1244 1176 1102 1117 1161 1157 1138 1126 1123 1132 1154 1183
1699 1692 1684 1675 1663 1647 1628 1607 1583 1555 1524 1491 1458 1427 1395 1362 1330 1302 1261 1170 1105 1139 1173 1158 1138 1125 1119 1124 1141 1162
1711 1701 1692 1684 1674 1660 1644 1627 1608 1585 1555 1521 1488 1456 1423 1389 1356 1323 1287 1225 1171 1178 1186 1163 1139 1122 1115 1118 1129 1143
1727 1717 1708 1699 1687 1673 1659 1644 1627 1608 1585 1554 1518 1484 1452 1419 1383 1351 1315 1262 1225 1213 1193 1164 1140 1125 1117 1116 1123 1130
1740 1728 1716 1705 1694 1680 1666 1655 1643 1627 1605 1575 1542 1509 1473 1437 1402 1367 1330 1290 1255 1226 1199 1170 1142 1125 1117 1114 1115 1115
