 1012
 1007
 1000
  995
  994
  990
  979
  968
  985
 1026
 1044
 1040
 1036
 1035
 1039
 1041
 1036
 1027
 1016
 1006
 1000
  997
  994
  989
  984
  980
  975
  967
  955
  944
 1033
 1031
 1024
 1018
 1016
 1015
 1010
 1001
 1014
 1051
 1067
 1060
 1052
 1045
 1042
 1044
 1048
 1048
 1040
 1028
 1017
 1009
 1003
  996
  990
  988
  989
  990
  987
  981
 1051
 1054
 1052
 1048
 1045
 1043
 1041
 1038
 1049
 1076
 1088
 1083
 1076
 1068
 1062
 1060
 1061
 1062
 1059
 1051
 1039
 1026
 1018
 1015
 1013
 1011
 1008
 1005
 1006
 1010
 1071
 1079
 1086
 1086
 1080
 1071
 1063
 1060
 1074
 1099
 1106
 1101
 1098
 1092
 1084
 1076
 1069
 1065
 1064
 1061
 1052
 1041
 1032
 1027
 1027
 1026
 1021
 1016
 1018
 1023
 1098
 1100
 1107
 1112
 1108
 1098
 1089
 1080
 1087
 1119
 1134
 1126
 1119
 1112
 1104
 1095
 1084
 1073
 1068
 1069
 1067
 1061
 1052
 1040
 1034
 1036
 1036
 1031
 1026
 1005
 1126
 1120
 1119
 1127
 1131
 1124
 1108
 1069
 1059
 1119
 1157
 1149
 1141
 1135
 1127
 1114
 1098
 1083
 1072
 1069
 1071
 1073
 1071
 1061
 1050
 1046
 1049
 1046
 1010
  983
 1147
 1141
 1135
 1139
 1149
 1146
 1103
 1062
 1098
 1161
 1180
 1174
 1165
 1157
 1148
 1133
 1116
 1100
 1084
 1073
 1075
 1085
 1090
 1086
 1075
 1065
 1061
 1031
  993
 1021
 1164
 1168
 1162
 1158
 1158
 1130
 1092
 1114
 1168
 1197
 1202
 1195
 1186
 1177
 1165
 1151
 1136
 1119
 1102
 1089
 1084
 1088
 1097
 1105
 1104
 1088
 1047
 1009
 1034
 1082
 1172
 1186
 1191
 1180
 1142
 1106
 1132
 1178
 1195
 1212
 1220
 1213
 1207
 1198
 1184
 1168
 1151
 1134
 1119
 1105
 1093
 1089
 1098
 1114
 1117
 1077
 1029
 1055
 1112
 1123
 1175
 1196
 1207
 1173
 1127
 1152
 1208
 1218
 1220
 1239
 1244
 1233
 1214
 1201
 1202
 1195
 1175
 1153
 1135
 1123
 1112
 1098
 1086
 1086
 1068
 1038
 1072
 1137
 1159
 1166
 1182
 1187
 1159
 1123
 1161
 1231
 1255
 1262
 1275
 1276
 1267
 1255
 1207
 1119
 1081
 1127
 1179
 1186
 1170
 1155
 1141
 1125
 1064
  942
  886
  988
 1136
 1199
 1203
 1216
 1192
 1150
 1121
 1163
 1242
 1280
 1283
 1297
 1310
 1304
 1294
 1287
 1282
 1272
 1219
 1119
 1064
 1077
 1074
 1040
 1018
 1021
 1034
 1048
 1044
 1016
 1033
 1098
 1130
 1127
 1119
 1131
 1166
 1222
 1273
 1303
 1321
 1340
 1346
 1334
 1322
 1311
 1299
 1292
 1281
 1242
 1140
 1003
  938
  949
  967
  996
 1043
 1094
 1140
 1160
 1120
 1047
 1034
 1074
 1141
 1187
 1227
 1265
 1304
 1345
 1379
 1398
 1391
 1323
 1207
 1128
 1109
 1109
 1117
 1100
 1060
 1055
 1069
 1035
  940
  886
  918
  964
 1010
 1044
 1072
 1131
 1178
 1193
 1238
 1271
 1290
 1318
 1361
 1401
 1414
 1409
 1398
 1362
 1294
 1247
 1236
 1205
 1154
 1105
 1068
 1072
 1102
 1089
 1018
 1002
 1069
 1093
 1076
 1083
 1102
 1136
 1173
 1172
 1293
 1334
 1349
 1381
 1410
 1414
 1399
 1374
 1366
 1384
 1392
 1384
 1376
 1360
 1315
 1250
 1202
 1177
 1163
 1159
 1175
 1207
 1230
 1241
 1243
 1228
 1199
 1169
 1154
 1153
 1344
 1357
 1384
 1408
 1399
 1366
 1339
 1322
 1341
 1397
 1420
 1400
 1360
 1300
 1218
 1137
 1115
 1157
 1209
 1239
 1248
 1241
 1221
 1187
 1129
 1066
 1056
 1101
 1157
 1220
 1378
 1388
 1393
 1387
 1370
 1343
 1320
 1334
 1376
 1383
 1328
 1255
 1204
 1179
 1173
 1183
 1192
 1192
 1195
 1183
 1145
 1095
 1042
 1001
  987
 1010
 1048
 1081
 1139
 1229
 1385
 1352
 1323
 1312
 1312
 1314
 1332
 1373
 1403
 1369
 1311
 1307
 1319
 1316
 1306
 1261
 1216
 1221
 1223
 1162
 1109
 1116
 1089
 1053
 1079
 1084
 1073
 1114
 1179
 1239
 1346
 1296
 1311
 1335
 1340
 1345
 1356
 1381
 1438
 1494
 1490
 1462
 1444
 1393
 1291
 1212
 1207
 1231
 1263
 1272
 1232
 1188
 1158
 1131
 1080
 1033
 1053
 1111
 1175
 1227
 1316
 1322
 1352
 1359
 1354
 1357
 1368
 1392
 1441
 1494
 1506
 1473
 1394
 1294
 1237
 1236
 1270
 1316
 1339
 1317
 1257
 1171
 1089
 1044
 1028
 1043
 1100
 1176
 1238
 1267
 1317
 1356
 1376
 1370
 1367
 1366
 1374
 1396
 1447
 1507
 1479
 1359
 1280
 1292
 1328
 1356
 1371
 1359
 1344
 1338
 1252
 1080
 1003
 1053
 1107
 1147
 1184
 1200
 1219
 1259
 1363
 1388
 1389
 1379
 1376
 1376
 1381
 1396
 1448
 1521
 1518
 1445
 1410
 1431
 1447
 1435
 1409
 1380
 1357
 1354
 1301
 1181
 1145
 1191
 1213
 1209
 1200
 1196
 1205
 1244
 1391
 1404
 1396
 1385
 1379
 1379
 1384
 1395
 1449
 1537
 1572
 1554
 1528
 1504
 1482
 1457
 1431
 1404
 1375
 1335
 1289
 1270
 1272
 1261
 1239
 1219
 1205
 1199
 1200
 1192
 1414
 1417
 1405
 1396
 1389
 1386
 1389
 1395
 1451
 1551
 1588
 1568
 1549
 1530
 1507
 1481
 1455
 1427
 1390
 1319
 1257
 1270
 1293
 1277
 1252
 1230
 1213
 1201
 1188
 1147
 1428
 1422
 1409
 1400
 1393
 1390
 1392
 1395
 1455
 1568
 1611
 1589
 1568
 1549
 1529
 1505
 1480
 1452
 1421
 1366
 1312
 1314
 1318
 1293
 1267
 1242
 1223
 1209
 1198
 1167
 1446
 1432
 1417
 1405
 1397
 1393
 1393
 1395
 1460
 1584
 1635
 1615
 1593
 1572
 1551
 1528
 1503
 1482
 1454
 1406
 1372
 1360
 1338
 1308
 1281
 1257
 1236
 1225
 1214
 1185
 1456
 1437
 1421
 1409
 1400
 1394
 1393
 1394
 1464
 1600
 1655
 1633
 1612
 1591
 1568
 1544
 1520
 1498
 1474
 1444
 1414
 1385
 1356
 1326
 1295
 1269
 1248
 1232
 1218
 1201
 1467
 1448
 1430
 1416
 1405
 1398
 1395
 1392
 1465
 1613
 1677
 1656
 1633
 1611
 1588
 1564
 1539
 1513
 1488
 1464
 1438
 1407
 1373
 1340
 1311
 1287
 1264
 1242
 1224
 1207
 1477
 1455
 1435
 1421
 1411
 1402
 1396
 1391
 1466
 1621
 1690
 1670
 1646
 1623
 1599
 1573
 1548
 1524
 1499
 1473
 1446
 1416
 1385
 1353
 1320
 1293
 1271
 1249
 1227
 1204
  603
  587
  572
  564
  560
  557
  555
  552
  412
  137
    0
    0
    0
    0
    0
    0
    0
    0
    0
    0
    0
    0
    0
    0
    0
    0
    0
    0
    0
    0
