01111111
01111111
10000000
10000000
10000000
10000001
10000001
10000000
10000000
01111111
01111110
01111101
01111101
01111110
10000000
10000000
01111110
01111011
01110110
01110011
01110100
01110110
01110111
01110110
01110100
01110011
01110001
01110000
01101110
01101011
01101001
01101000
10000001
10000001
10000010
10000011
10000011
10000100
10000100
10000011
10000010
10000001
10000000
01111111
01111110
01111101
01111110
10000000
10000000
01111101
01111000
01110110
01110110
01111000
01111010
01111001
01110111
01110101
01110011
01110011
01110010
01110000
01101100
01101101
10000100
10000100
10000101
10000101
10000101
10000110
10000110
10000101
10000101
10000100
10000010
10000001
01111111
01111110
01111101
01111110
01111111
01111110
01111100
01111010
01111001
01111001
01111010
01111011
01111010
01111000
01110110
01110110
01110110
01110101
01110010
01110010
10000111
10001000
10001000
10001000
10001000
10001000
10001000
10001000
10001000
10000110
10000101
10000011
10000001
01111111
01111101
01111100
01111101
01111110
01111111
01111110
01111100
01111011
01111011
01111100
01111100
01111011
01111010
01111001
01111001
01111001
01111001
01111001
10001010
10001011
10001100
10001100
10001100
10001100
10001100
10001011
10001011
10001001
10000111
10000101
10000011
10000001
01111111
01111101
01111101
01111110
01111111
10000000
10000000
01111111
01111101
01111101
01111111
10000000
10000000
01111110
01111100
01111011
01111101
01111110
10001110
10001110
10001111
10010000
10010000
10010000
10010000
10001110
10001100
10001011
10001001
10000110
10000100
10000011
10000001
01111111
01111101
01111101
01111110
01111111
10000001
10000001
10000000
01111111
01111111
10000010
10000100
10000010
10000000
01111110
10000001
01111101
10010010
10010100
10010011
10010011
10010011
10010011
10010011
10010001
10001111
10001100
10001011
10001000
10000110
10000101
10000011
10000001
01111111
01111110
01111101
01111110
10000001
10000011
10000011
10000011
10000000
10000001
10000100
10000110
10000100
10000011
01111110
01101011
10010110
10011000
10010111
10010110
10010110
10010110
10010101
10010011
10010001
10001110
10001100
10001010
10001000
10000111
10000110
10000100
10000010
01111111
01111110
01111101
01111111
10000010
10000100
10000110
10000011
10000010
10000011
10000111
10001010
10000011
01101011
10000001
10011010
10011010
10011010
10011001
10011001
10011001
10010111
10010101
10010011
10010001
10001110
10001101
10001100
10001010
10001000
10000111
10000100
10000010
10000000
01111110
01111101
01111111
10000100
10000111
10001000
10000110
10000101
10001000
10001000
01101111
10000010
10010011
10011011
10011101
10011101
10011100
10011100
10011010
10011001
10010111
10010101
10010011
10010010
10010000
10001110
10001100
10001011
10001001
10000111
10000101
10000011
10000000
01111110
01111110
10000010
10000110
10001010
10001100
10001010
10000100
01110001
10000000
10011000
10010000
10011111
10011111
10011111
10011111
10011110
10011101
10011011
10011001
10010110
10010101
10010100
10010010
10010000
10001111
10001110
10001011
10001001
10000111
10000101
10000011
10000000
01111111
01111111
10000011
10001001
10001111
10001001
01110000
10000000
10011011
10010111
10011000
10100011
10100010
10100010
10100010
10100001
10100000
10011101
10011011
10011000
10010110
10010110
10010101
10010011
10001110
10001000
10001111
10001110
10001011
10001000
10000101
10000011
10000001
10000000
10000000
10000111
10000011
01101011
01111111
10011011
10011100
10011111
10101000
10100111
10100110
10100100
10100100
10100011
10100001
10100000
10011101
10011011
10011001
10011000
10010111
10010110
10010010
01101110
01100110
01111010
10001111
10001110
10001011
10001001
10000110
10000100
10000010
01111000
01101000
01111010
10010111
10100010
10011110
10101000
10101111
10101011
10101010
10101001
10101000
10100110
10100100
10100010
10011111
10011101
10011011
10011010
10011010
10011000
10011001
10011001
10010101
01110000
01100011
01110101
01110100
01101000
01100011
01100110
01101011
01101011
01110111
10001000
10011001
10100100
10101000
10110001
10110110
10101111
10101110
10101101
10101011
10101010
10100111
10100011
10100001
10011111
10011101
10011101
10011101
10011011
10011001
10011001
10011011
10010111
10000011
01010011
01000110
01010101
01010001
01011110
01101011
01111001
10000011
10001111
10011011
10101011
10110111
10111101
11000000
10110011
10110010
10110001
10101111
10101110
10101010
10100110
10100011
10100001
10100000
10011110
01110111
01100011
01101000
01100101
01101110
01110100
01011101
01101001
01101011
01101111
01101111
01110000
10000010
10001010
10001110
10010111
10100101
10111000
10111100
10111100
10111101
10110111
10110110
10110101
10110011
10110010
10101110
10101010
10100110
10100100
10100010
10100001
10001101
01111011
10001001
01111010
01110011
01101010
01100010
01100100
01110110
01110101
01110000
01101111
10010000
10010111
10010111
10100101
10110001
10110101
10110101
10110001
10101101
10111011
10111010
10111000
10110111
10110101
10110010
10101101
10101010
10100110
10100100
10100010
10100011
10100001
10100010
10100000
10011011
10000111
10000011
01111110
10000000
01111101
10000010
10001101
10010100
10010100
10100000
10101010
10101100
10100010
10100010
10100001
10100001
10111111
10111110
10111100
10111011
10111000
10110101
10110001
10101101
10101001
10100110
10100110
10100110
10100011
10011011
10001101
01111111
01100100
01100110
01110111
10001100
10001111
10010101
10010010
10011001
10011011
10100000
10011111
10011111
10011100
10010110
10011111
10110001
11000010
11000001
10111111
10111110
10111100
10111000
10110101
10110000
10101100
10101001
10011111
10001010
01111010
01101100
01101011
01101011
01110011
01111100
01111100
10000011
10001100
10010011
10011010
10010110
10001111
10001000
10001000
10001101
10001111
10010111
10101000
10111000
11000111
11000101
11000011
11000001
10111111
10111100
10111000
10110100
10101111
10101100
10010101
01111000
10000110
10001011
10000111
10010000
10000100
01110101
10000011
10001100
10010000
10010000
10011010
10001001
01110010
10000111
10001100
10010000
10010100
10011011
10100110
10110100
11001011
11001001
11000111
11000101
11000010
10111111
10111100
10110111
10110010
10101111
10110101
10101010
10100101
10100110
10100000
10000011
01101001
01111001
10000000
10001100
10010010
10000101
10000110
01111001
01111101
10001111
10001110
10010000
10010100
10011010
10100101
10110010
11001101
11001100
11001010
11001000
11000101
11000010
10111111
10111011
10110110
10110011
10101111
10101101
10101010
10011000
01111001
01110000
01110100
10000001
10010101
10011111
10011101
10001110
01111101
01110010
10001101
10001110
10001110
10010000
10010011
10011000
10100011
10101110
11001110
11001110
11001101
11001010
11001000
11000110
11000010
10111110
10111010
10110110
10110100
10101101
10000010
01101100
01111101
10000110
10010001
10011100
10011010
10010111
10011110
10011100
01111110
10000011
10010000
10001110
10001101
10001111
10010010
10010110
10011111
10101000
11010000
11010000
11001111
11001101
11001011
11001001
11000110
11000010
10111110
10111010
10110111
10110001
10010110
10001101
10011110
10100010
10100010
10011110
10011011
10011000
10011001
10100111
01111111
10001110
10010000
10001110
10001101
10001101
10010000
10010011
10011011
10100010
11010010
11010001
11010000
11001111
11001101
11001011
11001001
11000110
11000010
10111110
10111010
10111000
10110110
10101110
10101011
10101000
10100011
10100000
10011101
10011010
10010110
10000111
10000101
10010011
10010000
10001110
10001101
10001101
10001110
10010010
10010111
10011011
11010011
11010011
11010010
11010001
11010000
11001110
11001100
11001001
11000110
11000011
10111111
10111010
10110110
10110010
10101111
10101011
10100110
10100011
10011111
10011010
10010000
01110010
10001100
10010100
10010000
10001110
10001101
10001100
10001101
10010000
10010100
10010111
11010101
11010100
11010011
11010010
11010001
11010000
11001110
11001100
11001001
11000110
11000011
10111111
10111010
10110110
10110010
10101111
10101010
10100110
10100011
10011100
10011010
01111011
10010101
10010100
10010001
10001110
10001100
10001011
10001100
10001110
10010001
10010100
11010111
11010110
11010101
11010100
11010011
11010010
11010000
11001110
11001100
11001001
11000110
11000011
10111111
10111010
10110110
10110010
10101110
10101010
10100101
10100111
10010111
10010001
10011000
10010100
10010001
10001110
10001100
10001011
10001011
10001101
10001111
10010000
11011001
11011000
11010110
11010101
11010100
11010011
11010001
11001111
11001110
11001100
11001010
11000110
11000010
10111110
10111010
10110101
10110001
10101101
10101000
10100110
10011110
10011100
10011000
10010101
10010010
10001110
10001100
10001011
10001011
10001100
10001101
10001101
11011011
11011010
11011000
11010111
11010110
11010100
11010010
11010001
11001111
11001110
11001100
11001010
11000110
11000001
10111101
10111001
10110101
10110000
10101011
10100110
10100010
10011110
10011010
10010110
10010010
10001110
10001101
10001100
10001011
10001100
10001100
10001011
11011101
11011011
11011010
11011000
11010110
11010101
11010011
11010001
11010000
11001111
11001101
11001100
11001000
11000011
11000000
10111011
10110110
10110010
10101101
10101000
10100011
10011110
10011010
10010111
10010011
10001110
10001101
10001100
10001011
10001011
10001010
10001001
