593
576
409
228
403
726
842
826
798
784
783
784
784
882
1187
1510
1626
1610
1582
1568
1567
1568
1568
1568
1568
1562
1537
1471
1300
1033
837
784
784
778
891
1174
1269
966
568
357
301
292
292
292
430
779
1045
1009
807
649
593
584
584
584
584
584
584
594
649
768
855
779
559
360
292
386
703
1070
1100
757
355
109
38
42
44
128
390
638
581
314
132
85
82
86
88
88
88
88
88
89
102
172
338
483
434
241
44
181
488
636
575
539
484
344
229
200
204
340
634
712
485
304
298
351
388
404
408
408
408
408
408
406
391
355
374
516
618
494
221
369
582
534
360
440
595
498
281
192
212
375
631
647
463
400
453
480
471
464
467
480
508
536
545
545
548
535
503
549
651
573
312
478
660
601
418
440
617
699
674
652
696
819
832
623
444
436
510
670
854
924
928
886
720
557
529
545
544
545
535
569
653
590
309
466
642
608
464
476
632
808
952
1015
1057
1188
1153
760
451
438
520
758
1100
1271
1288
1262
1051
693
518
527
537
535
529
576
661
590
304
459
635
603
468
495
637
736
805
877
971
1167
1285
979
539
427
505
678
946
1127
1199
1240
1182
907
596
504
525
528
525
574
658
586
300
455
632
603
471
495
631
714
726
734
824
1074
1327
1198
745
460
477
656
867
984
1052
1147
1223
1123
799
539
504
527
522
571
657
586
300
455
631
599
464
490
619
676
668
656
709
946
1249
1287
1000
634
471
596
806
902
933
1015
1142
1211
1054
711
505
501
515
564
652
582
296
451
627
595
459
492
600
524
400
466
624
826
1082
1202
1145
944
620
437
519
709
844
891
971
1122
1196
1012
668
490
493
560
648
578
292
447
623
591
455
490
607
512
264
175
355
703
972
1025
1055
1115
946
583
372
401
572
764
857
941
1103
1180
983
645
480
541
644
574
288
443
620
589
450
483
606
528
298
149
157
422
807
912
876
1028
1147
945
571
358
353
480
687
823
923
1094
1180
986
640
522
623
571
284
439
616
584
445
481
610
542
323
190
182
312
564
731
750
843
1057
1157
958
583
359
340
439
638
793
904
1079
1178
999
704
603
541
280
434
608
575
439
479
613
552
342
217
220
349
494
519
573
714
870
1060
1166
1009
653
387
323
414
612
752
858
1054
1181
1099
858
551
273
411
578
558
431
472
610
556
354
236
243
379
530
466
382
546
739
865
1050
1192
1143
923
652
432
394
649
920
972
1056
1256
1324
1057
245
473
769
675
434
464
606
553
355
244
259
401
558
497
329
370
590
743
855
1028
1112
971
658
374
393
778
1040
898
840
1083
1277
1083
297
777
1035
719
412
461
603
549
351
242
263
413
577
524
357
311
425
622
752
798
821
725
517
515
792
922
771
678
732
853
981
825
666
978
928
616
402
456
598
545
347
239
262
415
585
539
381
328
354
485
683
761
775
873
1024
1127
1040
734
458
470
664
817
935
971
889
770
683
542
397
450
593
541
343
234
256
411
587
548
394
349
359
450
625
652
604
783
1076
1075
767
469
331
414
611
710
769
885
601
480
547
517
397
445
591
541
343
234
256
411
587
550
401
363
382
405
400
359
493
778
924
882
685
427
319
364
383
414
657
880
511
422
511
511
391
438
586
537
339
230
252
407
584
548
400
368
391
368
320
418
716
906
882
862
882
743
464
311
292
476
883
1012
706
729
643
491
375
434
581
533
335
226
248
403
580
545
399
369
392
370
447
742
973
880
699
720
895
1016
922
660
537
809
1139
990
719
998
1095
832
488
438
573
529
331
222
244
399
575
539
394
364
388
473
735
976
903
587
346
366
559
774
867
786
801
1024
1072
700
382
743
1028
858
468
412
567
524
327
218
235
378
558
542
398
356
393
471
586
617
499
355
306
304
437
683
684
538
563
683
683
460
238
586
792
652
432
435
571
509
306
209
205
303
511
582
451
365
378
370
327
299
306
328
336
341
405
459
398
315
314
443
544
406
205
318
443
555
568
580
606
453
249
181
180
239
420
590
561
415
343
341
334
320
314
317
322
320
300
277
272
307
477
662
575
325
120
110
193
425
785
1009
830
485
300
263
264
276
360
548
724
749
649
550
507
497
498
504
510
509
498
494
563
758
905
771
483
300
234
231
322
606
920
975
841
757
754
762
761
760
779
861
1017
1198
1352
1457
1509
1522
1522
1523
1524
1523
1521
1521
1513
1428
1215
978
835
778
761
761
753
676
501
338
276
277
289
293
292
292
292
300
338
412
494
554
581
585
584
584
584
584
585
578
538
463
384
328
302
294
293
286
246
171
92
36
10
2
0
0
0
0
0
0
0
0
0
0
0
0
0
0
0
0
0
0
0
0
0
0
0
0
0
0
0
0
0
0
0
0
0
0
0
0
0
0
0
0
0
0
0
0
0
0
0
0
0
0
0
0
0
0
0
0
